"","setdiff(Orig$V1, remain$V1)"
"1","testassemblies0"
"2","testassemblies1"
"3","testassemblies2"
"4","testassemblies3"
"5","testassemblies4"
"6","testassemblies7"
"7","testassemblies8"
"8","testassemblies9"
"9","testassemblies10"
"10","testassemblies11"
"11","testassemblies12"
"12","testassemblies13"
"13","testassemblies14"
"14","testassemblies15"
"15","testassemblies16"
"16","testassemblies17"
"17","testassemblies18"
"18","testassemblies19"
"19","testassemblies20"
"20","testassemblies21"
"21","testassemblies22"
"22","testassemblies23"
"23","testassemblies24"
"24","testassemblies25"
"25","testassemblies26"
"26","testassemblies27"
"27","testassemblies28"
"28","testassemblies29"
"29","testassemblies30"
"30","testassemblies31"
"31","testassemblies32"
"32","testassemblies37"
"33","testassemblies47"
"34","testassemblies49"
"35","testassemblies50"
"36","testassemblies51"
"37","testassemblies53"
"38","testassemblies54"
"39","testassemblies55"
"40","testassemblies56"
"41","testassemblies57"
"42","testassemblies58"
"43","testassemblies59"
"44","testassemblies60"
"45","testassemblies61"
"46","testassemblies62"
"47","testassemblies63"
"48","testassemblies64"
"49","testassemblies65"
"50","testassemblies74"
"51","testassemblies75"
"52","testassemblies76"
"53","testassemblies77"
"54","testassemblies78"
"55","testassemblies79"
"56","testassemblies80"
"57","testassemblies81"
"58","testassemblies82"
"59","testassemblies83"
"60","testassemblies84"
"61","testassemblies85"
"62","testassemblies86"
"63","testassemblies87"
"64","testassemblies88"
"65","testassemblies89"
"66","testassemblies90"
"67","testassemblies91"
"68","testassemblies92"
"69","testassemblies93"
"70","testassemblies94"
"71","testassemblies95"
"72","testassemblies99"
"73","testassemblies100"
"74","testassemblies101"
"75","testassemblies109"
"76","testassemblies110"
"77","testassemblies111"
"78","testassemblies112"
"79","testassemblies113"
"80","testassemblies114"
"81","testassemblies115"
"82","testassemblies116"
"83","testassemblies119"
"84","testassemblies122"
"85","testassemblies128"
"86","testassemblies129"
"87","testassemblies130"
"88","testassemblies131"
"89","testassemblies138"
"90","testassemblies139"
"91","testassemblies144"
"92","testassemblies145"
"93","testassemblies146"
"94","testassemblies147"
"95","testassemblies149"
"96","testassemblies151"
"97","testassemblies157"
"98","testassemblies158"
"99","testassemblies159"
"100","testassemblies160"
"101","testassemblies161"
"102","testassemblies162"
"103","testassemblies166"
"104","testassemblies167"
"105","testassemblies168"
"106","testassemblies171"
"107","testassemblies172"
"108","testassemblies173"
"109","testassemblies174"
"110","testassemblies175"
"111","testassemblies176"
"112","testassemblies183"
"113","testassemblies187"
"114","testassemblies191"
"115","testassemblies195"
"116","testassemblies196"
"117","testassemblies197"
"118","testassemblies198"
"119","testassemblies199"
"120","testassemblies200"
"121","testassemblies201"
"122","testassemblies202"
"123","testassemblies205"
"124","testassemblies211"
"125","testassemblies212"
"126","testassemblies213"
"127","testassemblies222"
"128","testassemblies234"
"129","testassemblies237"
"130","testassemblies238"
"131","testassemblies239"
"132","testassemblies241"
"133","testassemblies247"
"134","testassemblies248"
"135","testassemblies249"
"136","testassemblies250"
"137","testassemblies251"
"138","testassemblies255"
"139","testassemblies256"
"140","testassemblies257"
"141","testassemblies262"
"142","testassemblies265"
"143","testassemblies271"
"144","testassemblies272"
"145","testassemblies273"
"146","testassemblies276"
"147","testassemblies283"
"148","testassemblies304"
"149","testassemblies305"
"150","testassemblies306"
"151","testassemblies308"
"152","testassemblies309"
"153","testassemblies310"
"154","testassemblies311"
"155","testassemblies312"
"156","testassemblies313"
"157","testassemblies318"
"158","testassemblies322"
"159","testassemblies323"
"160","testassemblies324"
"161","testassemblies335"
"162","testassemblies341"
"163","testassemblies352"
"164","testassemblies364"
"165","testassemblies368"
"166","testassemblies369"
"167","testassemblies395"
"168","testassemblies405"
"169","testassemblies412"
"170","testassemblies421"
"171","testassemblies422"
"172","testassemblies423"
"173","testassemblies424"
"174","testassemblies429"
"175","testassemblies431"
"176","testassemblies461"
"177","testassemblies464"
"178","testassemblies475"
"179","testassemblies481"
"180","testassemblies482"
"181","testassemblies483"
"182","testassemblies484"
"183","testassemblies485"
"184","testassemblies491"
"185","testassemblies500"
"186","testassemblies501"
"187","testassemblies517"
"188","testassemblies525"
"189","testassemblies539"
"190","testassemblies545"
"191","testassemblies546"
"192","testassemblies553"
"193","testassemblies554"
"194","testassemblies565"
"195","testassemblies568"
"196","testassemblies570"
"197","testassemblies571"
"198","testassemblies572"
"199","testassemblies573"
"200","testassemblies574"
"201","testassemblies575"
"202","testassemblies576"
"203","testassemblies577"
"204","testassemblies579"
"205","testassemblies582"
"206","testassemblies583"
"207","testassemblies603"
"208","testassemblies621"
"209","testassemblies628"
"210","testassemblies629"
"211","testassemblies630"
"212","testassemblies631"
"213","testassemblies632"
"214","testassemblies633"
"215","testassemblies649"
"216","testassemblies658"
"217","testassemblies659"
"218","testassemblies668"
"219","testassemblies677"
"220","testassemblies681"
"221","testassemblies682"
"222","testassemblies688"
"223","testassemblies701"
"224","testassemblies729"
"225","testassemblies730"
"226","testassemblies738"
"227","testassemblies739"
"228","testassemblies747"
"229","testassemblies748"
"230","testassemblies749"
"231","testassemblies750"
"232","testassemblies751"
"233","testassemblies762"
"234","testassemblies763"
"235","testassemblies764"
"236","testassemblies775"
"237","testassemblies776"
"238","testassemblies813"
"239","testassemblies853"
"240","testassemblies856"
"241","testassemblies859"
"242","testassemblies892"
"243","testassemblies893"
"244","testassemblies915"
"245","testassemblies916"
"246","testassemblies917"
"247","testassemblies946"
"248","testassemblies957"
"249","testassemblies958"
"250","testassemblies961"
"251","testassemblies962"
"252","testassemblies963"
"253","testassemblies965"
"254","testassemblies981"
"255","testassemblies1055"
"256","testassemblies1121"
"257","testassemblies1122"
"258","testassemblies1123"
"259","testassemblies1124"
"260","testassemblies1125"
"261","testassemblies1126"
"262","testassemblies1128"
"263","testassemblies1129"
"264","testassemblies1160"
"265","testassemblies1167"
"266","testassemblies1172"
"267","testassemblies1173"
"268","testassemblies1174"
"269","testassemblies1177"
"270","testassemblies1207"
"271","testassemblies1222"
"272","testassemblies1223"
"273","testassemblies1224"
"274","testassemblies1225"
"275","testassemblies1250"
"276","testassemblies1279"
"277","testassemblies1307"
"278","testassemblies1308"
"279","testassemblies1310"
"280","testassemblies1311"
"281","testassemblies1312"
"282","testassemblies1313"
"283","testassemblies1314"
"284","testassemblies1316"
"285","testassemblies1320"
"286","testassemblies1321"
"287","testassemblies1322"
"288","testassemblies1541"
"289","testassemblies1542"
"290","testassemblies1544"
"291","testassemblies1545"
"292","testassemblies1546"
"293","testassemblies1581"
"294","testassemblies1582"
"295","testassemblies1659"
"296","testassemblies1660"
"297","testassemblies1662"
"298","testassemblies1663"
"299","testassemblies1694"
"300","testassemblies1719"
"301","testassemblies1730"
"302","testassemblies1731"
"303","testassemblies1734"
"304","testassemblies1735"
"305","testassemblies1737"
"306","testassemblies1738"
"307","testassemblies1739"
"308","testassemblies1740"
"309","testassemblies1741"
"310","testassemblies1742"
"311","testassemblies1743"
"312","testassemblies1744"
"313","testassemblies1746"
"314","testassemblies1754"
"315","testassemblies1755"
"316","testassemblies1756"
"317","testassemblies1758"
"318","testassemblies1759"
"319","testassemblies1760"
"320","testassemblies1761"
"321","testassemblies1762"
"322","testassemblies1767"
"323","testassemblies1768"
"324","testassemblies1770"
"325","testassemblies1772"
"326","testassemblies1773"
"327","testassemblies1775"
"328","testassemblies1776"
"329","testassemblies1777"
"330","testassemblies1778"
"331","testassemblies1779"
"332","testassemblies1780"
"333","testassemblies1781"
"334","testassemblies1783"
"335","testassemblies1784"
"336","testassemblies1785"
"337","testassemblies1786"
"338","testassemblies1787"
"339","testassemblies1788"
"340","testassemblies1790"
"341","testassemblies1791"
"342","testassemblies1792"
"343","testassemblies1793"
"344","testassemblies1794"
"345","testassemblies1795"
"346","testassemblies1796"
"347","testassemblies1797"
"348","testassemblies1799"
"349","testassemblies1800"
"350","testassemblies1801"
"351","testassemblies1802"
"352","testassemblies1803"
"353","testassemblies1804"
"354","testassemblies1805"
"355","testassemblies1806"
"356","testassemblies1807"
"357","testassemblies1808"
"358","testassemblies1809"
"359","testassemblies1810"
"360","testassemblies1813"
"361","testassemblies1814"
"362","testassemblies1816"
"363","testassemblies1817"
"364","testassemblies1818"
"365","testassemblies1819"
"366","testassemblies1820"
"367","testassemblies1821"
"368","testassemblies1824"
"369","testassemblies1825"
"370","testassemblies1826"
"371","testassemblies1827"
"372","testassemblies1828"
"373","testassemblies1829"
"374","testassemblies1830"
"375","testassemblies1831"
"376","testassemblies1832"
"377","testassemblies1833"
"378","testassemblies1834"
"379","testassemblies1835"
"380","testassemblies1837"
"381","testassemblies1838"
"382","testassemblies1839"
"383","testassemblies1840"
"384","testassemblies1842"
"385","testassemblies1843"
"386","testassemblies1845"
"387","testassemblies1847"
"388","testassemblies1852"
"389","testassemblies1853"
"390","testassemblies1854"
"391","testassemblies1855"
"392","testassemblies1856"
"393","testassemblies1857"
"394","testassemblies1859"
"395","testassemblies1864"
"396","testassemblies1866"
"397","testassemblies1867"
"398","testassemblies1870"
"399","testassemblies1871"
"400","testassemblies1872"
"401","testassemblies1876"
"402","testassemblies1877"
"403","testassemblies1878"
"404","testassemblies1880"
"405","testassemblies1882"
"406","testassemblies1891"
"407","testassemblies1892"
"408","testassemblies1894"
